4sphere.obj
0 0 0
0.01 0.01 0.01
0 0 0
0.816 0.949 0.992
bunny.obj
1 -2 -1
3 3 3
0 0 0
0.816 0.949 0.992
lucy_princeton.obj
3 0 3
0.001 0.001 0.001
0 0 0
0.816 0.949 0.992
starwars1.obj
2 2 2
0.01 0.01 0.01
0 0 0
0.816 0.949 0.992
starwars1.obj
0 -3 0
0.01 0.01 0.01
0 0 0
0.816 0.949 0.992
4sphere.obj
4 0 0
0.01 0.01 0.01
0 0 0
0.816 0.949 0.992
bunny.obj
5 -2 -1
3 3 3
0 0 0
0.816 0.949 0.992
bunny.obj
8 0 3
0.001 0.001 0.001
0 0 0
0.816 0.949 0.992
starwars1.obj
12 2 2
0.01 0.01 0.01
0 0 0
0.816 0.949 0.992
starwars1.obj
13 2 4
0.01 0.01 0.01
0 0 0
0.816 0.949 0.992
starwars1.obj
16 -2 6
0.01 0.01 0.01
0 0 0
0.816 0.949 0.992
starwars1.obj
10 2 4
0.01 0.01 0.01
0 0 0
0.816 0.949 0.992
starwars1.obj
10 -6 6
0.01 0.01 0.01
0 0 0
0.816 0.949 0.992
starwars1.obj
12 5 2
0.01 0.01 0.01
0 0 0
0.816 0.949 0.992
starwars1.obj
13 5 4
0.01 0.01 0.01
0 0 0
0.816 0.949 0.992
starwars1.obj
16 5 6
0.01 0.01 0.01
0 0 0
0.816 0.949 0.992
starwars1.obj
10 5 4
0.01 0.01 0.01
0 0 0
0.816 0.949 0.992
starwars1.obj
12 -5 2
0.01 0.01 0.01
0 0 0
0.816 0.949 0.992
starwars1.obj
13 -5 4
0.01 0.01 0.01
0 0 0
0.816 0.949 0.992
starwars1.obj
16 -5 6
0.01 0.01 0.01
0 0 0
0.816 0.949 0.992
starwars1.obj
10 -5 4
0.01 0.01 0.01
0 0 0
0.816 0.949 0.992